0.000252529
0.002005205
0.000822881
0.000106172
0.000527582
0.000112214
0.000697802
0.000768482
0.000675665
0.002292084
0.000362682
0.000102431
0.000160935
0.000220163
0.001376465
0.000514108
0.001162642
0.000907652
0.000469727
3.40625E-05
0.00096843
0.000651992
0.000187291
0.00076038
0.000947916
0.00023303
0.000608753
0.00038188
0.001681348
1.61323E-05
0.000194114
0.000595007
0.000525302
0.000379757
0.000746409
0.000148136
0.000289965
0.000520625
0.001292396
0.0007395
0.000262435
9.22144E-05
0.000409631
0.000468569
0.00085426
6.74773E-05
0.000115032
0.001513487
0.000769164
0.000274168
9.55119E-05
0.00016306
0.000438488
1.73122E-05
0.000653547
0.00035187
0.000385158
0.000214162
0.000440325
0.000135029
0.000209638
0.000187159
0.000394093
0.000190098
0.001165905
0.000476768
0.000186148
0.000301997
2.40372E-05
0.000957439
0.000129062
0.000211171
0.000704664
0.002948731
0.000854343
0.000518941
8.8082E-05
0.000707814
0.000402928
0.000521873
0.000295609
0.0003253
0.000490715
0.001069575
0.00013741
7.40188E-05
0.000728379
0.000385374
0.001228188
0.002307232
0.000697691
0.001137091
0.00123879
0.000452733
0.000481722
0.000335994
0.000305365
0.000732981
4.41461E-06
0.001275647
0.000217038
0.001025226
5.56787E-05
0.000815861
8.53147E-05
0.00118867
0.000724348
0.000215274
0.000583099
5.26986E-05
0.000121257
0.001242298
0.001566378
0.000113783
0.000150898
0.000317548
0.0002144
9.37102E-05
6.68992E-08
0.000458704
0.000327745
0.000823767
0.000784023
0.000195197
0.000690624
0.000103241
0.000482571
0.000572444
7.84286E-05
0.001495496
0.001377702
0.000219321
0.000236363
6.91542E-05
0.003288797
0.000522286
0.000796077
2.3507E-05
0.000619894
0.000417968
0.000261312
0.000328839
5.19823E-05
0.000782864
5.27501E-06
0.000594365
7.79523E-05
3.81186E-05
0.001408776
0.000215415
0.000252086
0.000692826
0.000293916
0.000407455
0.000738586
0.001040578
0.000815305
0.000241233
0.00014263
0.000390319
0.000920667
0.000196856
0.000290813
0.00053871
6.48727E-05
0.000385531
2.43349E-05
3.12162E-05
0.000744099
0.001421349
0.000593883
9.24498E-06
0.000882761
0.00045116
0.000681306
0.001399671
0.000409765
0.0007559
0.000884651
0.000693584
0.000359289
0.000176375
0.000188509
0.001165433
3.23764E-06
8.87457E-05
0.000278579
0.00107499
9.15565E-05
0.000227719
0.000523887
0.000126438
4.20632E-05
0.000868915
0.001667458
0.000585478
0.000166604
0.000780445
9.19735E-05
0.000489901
