1023
1121
832
1449
9996
1252
1205
3313
1508
1646
11960
6202
1462
4009
1280
9937
897
1086
2322
1104
661
1251
1573
1036
1317
8215
1405
449
660
720
4084
11904
651
807
888
650
474
1494
744
711
1285
778
1303
576
1013
9822
1673
556
12050
11946
908
3052
11120
597
908
729
1404
997
1096
1545
695
1603
1636
1333
930
5509
4666
767
4356
1091
1079
1301
2926
7088
811
1039
7585
7354
7406
1290
1505
1178
299
1129
9716
288
1000
742
10936
6455
1026
1277
2691
1431
1496
1866
742
10873
547
4345
1574
1022
609
1147
1186
978
10629
1562
1026
1093
699
896
1253
1261
9125
1194
985
6179
8083
14537
1148
1338
9358
596
1159
151
1223
1421
993
120
9595
993
1320
1866
5785
1044
1020
647
1695
1422
494
9776
702
1279
1762
6450
1014
8890
921
3373
1096
624
480
754
1042
7540
12451
1301
1042
2785
537
394
1368
718
1286
1049
212
9068
8373
5423
5537
3676
2667
1062
1628
1033
2060
904
523
5886
1689
1344
932
3422
1441
653
6763
919
4495
2630
649
722
3125
873
701
3665
829
12113
5743
558
802
1730
906
3808
1006
