2828
5304
3042
3334
3229
2509
3939
4441
2660
4896
3868
4126
2601
2627
5510
7304
5836
3102
12361
3586
3334
2786
4574
2746
3090
2502
4049
4730
8623
2522
3736
3302
3902
4128
6608
6124
8125
4050
2841
2502
2592
2875
5608
4088
2521
5659
2585
2523
6282
4989
7945
5566
3400
2595
2629
4330
2729
3541
3640
2881
4503
2782
6671
2707
10650
2771
7175
6726
3403
3675
2794
3147
3381
2947
5384
2935
8579
3188
5227
7562
4115
2513
6685
3053
2851
18785
7881
5376
3440
3344
3137
5339
3036
2900
5144
5909
3721
5863
5535
4650
2736
12661
3327
4785
2931
2875
5434
5523
3961
2966
6149
4684
7011
4805
2651
10777
4251
3870
2801
8352
17912
2583
2581
6575
3017
8003
2848
3036
12296
12301
2556
3362
5506
7580
16589
8422
3949
3226
9416
3220
15280
5483
2993
5794
2877
4954
2520
7093
3259
4902
2846
4885
7195
4508
2728
8697
4089
3433
2684
4216
4004
3579
4445
3380
6672
6736
2772
5294
8702
13236
3531
16262
4045
3304
4201
3983
3071
4744
2749
5326
7551
7363
4296
3866
3154
2512
2511
4200
11977
7277
4545
7991
2614
3667
9125
5512
5569
2627
7053
4134
5601
4358
3225
2500
6443
3357
7775
8368
7238
2537
3819
2858
3133
12936
5834
8935
2961
3267
5634
4394
4242
3458
4188
3539
7774
2531
2620
3743
4657
7555
4498
14170
2588
4161
9156
3458
11078
10498
5024
2545
3751
2889
3186
2627
3729
7757
3673
2801
7421
2669
2651
6692
5186
4418
3291
2664
3722
2983
3529
7126
5021
4331
2958
3912
3174
2925
7111
3207
3924
2668
3556
6273
5631
5366
2609
2556
4061
5127
5032
5110
2970
11879
3617
2503
4149
3630
5725
2871
5493
4055
9288
4814
5715
9512
2802
11067
4385
9033
4573
3559
4347
4079
2614
3348
2557
3458
3012
4223
2555
7128
5898
2519
4608
2809
2758
8555
8379
5192
7224
4760
2907
4512
16772
2516
7517
7194
10098
4673
6826
3292
4759
4657
9952
4097
3146
9840
2734
3591
3518
5225
8171
13043
7417
2669
4854
6399
5944
4978
3603
5890
4606
9503
3377
8273
3300
4094
4638
2595
8603
2732
3551
4599
3689
2657
4046
4002
4086
10138
5937
3128
9583
2794
14662
2823
8719
5632
3440
6070
2665
5974
4730
2967
3014
4577
3739
6991
3199
7070
4368
9686
3085
2935
3247
3009
6037
7538
3014
8563
8070
9090
7082
6931
4768
3220
3165
3993
4073
3933
6700
3394
5382
5971
2589
3829
3471
4800
3140
3391
3061
2814
3933
3067
17234
3144
4992
5075
4606
3499
2506
3884
4102
2705
3752
3910
6180
3127
2586
2912
4202
3549
5832
8457
3842
2634
2737
2775
2578
9575
6376
3159
11625
11198
5493
3522
4014
4507
5955
4835
3072
3601
5426
3000
4753
4525
24794
3293
2798
2616
3403
3036
3732
4171
2549
3050
6241
4219
2601
6950
2621
2846
2816
2610
4547
3256
10826
2578
4928
2502
3634
5384
2913
4896
5306
3422
5406
2543
10063
22393
3023
3314
4078
4209
3498
4096
2973
6143
2530
10592
6034
6720
4888
10474
7980
2872
16898
5886
5017
6378
3203
2693
3424
4791
4705
6897
3687
15357
7060
8435
3619
10471
3331
5626
2529
3455
4802
9193
3968
2645
2551
5453
2537
4487
3225
4369
3242
8627
4802
3748
9134
4406
4202
6049
2635
2919
4775
6027
5687
7704
2749
5209
4486
6625
2980
4762
3753
2717
4832
3580
3750
6267
5308
8160
3973
2871
2736
4697
4541
8074
3748
3346
6143
5105
6048
3853
2509
6428
8197
2510
2663
2898
3664
10572
5271
14506
16728
2712
5713
4308
4990
3114
7417
2965
6582
6790
8409
2565
6182
11715
7067
3287
3342
3673
3174
7083
4079
9340
19158
13627
2775
6213
7794
8554
4954
2814
3312
3148
4758
3367
9856
2671
2742
2949
3530
3840
4741
2620
13990
5106
7149
10438
4531
2999
2704
15695
3669
2520
2541
5326
9527
2862
2602
3478
2931
5412
8341
8523
3637
2598
5330
2964
4291
5235
3159
3236
3475
5931
2953
2683
15067
3471
5061
3326
3187
4345
3142
6287
2668
4333
2886
2824
3914
2611
10382
6083
3431
3437
4440
2675
3448
6039
5334
3432
3141
3099
2991
3324
3089
7589
5245
2870
3140
3148
7297
4280
3834
6140
3506
13320
3384
3243
7902
3500
3760
4043
3492
3623
4971
3758
10680
2779
3245
3055
3800
2536
2657
5501
3893
7743
6469
5735
9945
3109
5964
6819
3329
3179
8347
3590
3847
2504
4613
6567
3022
6875
11416
4208
3375
5991
4240
2541
7922
7641
4976
6485
4511
2722
2923
2528
5223
4467
3174
3674
2998
5567
9817
5981
4788
2605
2509
3560
4087
2592
6251
3090
4560
5897
4244
2794
2580
10641
4176
4797
2597
8627
5204
3550
3116
2813
6659
4106
2720
4206
7355
3028
2795
3907
4872
4006
3344
3179
2922
5662
2915
5736
4662
3060
7061
3935
3957
4868
2511
3924
2611
2695
3004
4326
5832
15180
3711
6396
3880
7090
2800
3970
3691
2608
2521
3667
3818
25652
3060
3857
6013
5599
2782
12444
6017
2804
12709
3293
5771
2773
5467
4265
2951
3442
2644
3947
4550
7181
2644
3054
5237
4935
2784
2747
4920
6014
3009
2834
4372
3585
5486
3521
10955
2542
4652
10045
7320
5966
2559
7292
4676
15775
6245
2769
3302
4483
3689
5208
2663
3308
5289
6548
4835
3665
14210
5662
3368
3169
3162
5298
2850
2534
11915
4929
4720
4012
8949
2795
3449
4145
2787
5377
4741
5957
3227
3732
7524
4210
7293
4315
2834
3857
4293
5491
2988
4102
3070
4464
2518
4080
12720
7174
4991
25025
4571
2646
3398
3337
5128
4265
4186
3261
3311
5714
2678
7287
14581
7043
4711
4111
11736
7042
2779
3004
2840
3122
3110
2947
5089
2902
3022
3265
2849
7184
6356
4277
7782
4293
6779
3104
3044
4857
6535
2781
22715
5983
3254
14668
3915
3020
9047
2700
3086
3099
5583
2660
4939
2987
4162
2873
6456
3424
4688
4261
6499
3113
2668
3835
5904
4247
5223
3735
10866
2863
3308
4315
3531
5882
3720
3170
2823
4927
7778
3234
4162
3112
2748
4835
2503
10256
4678
8336
2687
4317
7199
3164
3231
4368
5511
3308
14195
4183
6903
3170
9109
2788
10946
5326
6052
5805
2742
5350
3333
3905
7381
12902
3080
2524
4433
2622
5098
4984
4211
5702
4486
4105
4579
2585
3217
4869
2614
4180
2585
3450
8283
10363
5890
8850
2802
4650
20609
2563
3456
3263
2693
2613
7915
4499
2526
3420
17281
4412
2984
2542
2986
2625
5421
2936
10398
3824
3651
3420
4743
2698
10516
5350
4636
10315
11921
3992
5333
2582
5335
2934
5305
4350
6915
5477
6067
19210
4959
5749
4149
3732
2665
2879
7473
4870
8776
3139
3004
5536
4923
3307
3562
3925
8628
13404
8172
4630
9786
3011
4072
4867
4557
5548
12836
2516
2522
3026
3130
2526
4329
3281
7809
4416
4503
3407
3615
5864
8654
3831
4370
3003
3092
3146
2906
4267
4427
23108
3943
11298
2537
5073
4966
2557
3057
3522
3751
2769
6275
3695
5083
2583
3202
4973
3109
2969
4783
4680
3097
2869
3569
7174
3701
4043
9942
2770
3990
9271
4015
2684
3341
3320
4595
5533
3033
3508
4381
4181
6676
5837
4446
6023
2529
3113
5198
3232
9093
5013
7706
3422
3505
2859
2965
3063
4494
4742
4126
4908
2734
13775
2852
5161
2909
8114
3587
4647
2580
4402
2974
2986
3770
3282
2601
4262
5410
2651
2582
10671
3452
5374
5981
3388
4704
3284
11270
10559
4196
3561
8873
9687
5168
2517
9479
2878
3355
4645
3052
3271
4494
6475
5506
4461
2828
2945
4282
4868
2831
3138
3045
3099
5533
6786
6252
6812
4042
4153
3971
4996
8369
3711
7253
5597
3455
3020
5919
5475
10520
7886
7718
3381
3273
2670
5592
4993
5008
2852
4147
5797
3657
6302
2569
4734
5185
5952
2872
5540
2570
9922
5054
2728
5462
7867
2733
3873
4450
3633
2563
3637
2676
12106
3629
3324
3370
3665
8207
6301
4696
3445
9531
4299
5823
11266
3511
2623
3491
7463
7410
3080
4711
2912
10308
3660
12054
6105
8057
9493
3261
4916
4651
4748
4649
2999
4871
5814
3829
11156
2848
4553
11228
14003
3961
4736
2820
5203
3004
11283
2543
2897
5136
3976
3015
9442
8069
4092
5516
3410
4619
5608
2875
3473
3603
3794
6397
3178
3197
3203
2695
8282
3231
3852
2868
6531
2593
2613
4262
5101
4369
9188
3237
5562
8437
4443
5050
3654
2579
2853
3928
9350
3191
5550
3518
2611
5862
3973
2533
7436
2556
3439
4371
6550
3068
3611
8462
4211
3398
2674
3346
3404
3324
3867
10816
3421
4793
4058
6725
4201
2527
2690
6990
3988
3024
2772
3960
6714
4744
5089
6785
6218
4780
2684
2566
3496
3396
5152
4442
4608
2525
3086
4748
6014
2576
3505
12815
2785
3538
11288
2859
2604
7066
3828
8557
9511
10265
5774
2849
3668
2570
9892
3255
4374
2987
2513
8542
3206
7430
2662
4866
6308
2844
5724
9906
5586
11721
2668
2552
5221
11689
2828
3668
3799
3476
5151
2869
2918
2671
3433
2518
3018
5419
2999
3856
2646
3110
3277
3399
2730
4601
3527
4403
2594
2517
6217
3938
3447
3244
2519
3999
2583
3089
6731
2983
3071
10303
4033
3219
5084
10931
3727
3460
2787
15267
3177
15734
4698
3170
2791
4179
13097
7407
8073
2740
6214
3877
2614
2997
3835
5479
20903
2852
3576
4100
3149
7409
2642
16386
3854
4721
3268
4884
7529
6047
3719
4672
2835
4260
5577
7959
3678
6329
5911
3110
15330
4213
7604
3344
4729
3374
4639
4939
3316
4600
2857
2749
4036
7165
2962
3412
7113
3463
2550
6349
6265
3109
7615
3028
2792
6327
3149
10566
2525
13694
4786
4125
5086
8860
7491
3552
2919
2661
7856
9466
6530
2967
4062
2819
3397
4170
9495
3711
2836
6966
5764
4951
5939
6755
4310
11785
3977
3421
3155
6638
3121
8136
3091
5386
3464
8634
4081
4281
4727
2791
4807
3132
8334
3989
6219
4494
6161
2645
7783
2803
2516
5468
3420
3709
3057
4770
11591
3057
3655
2518
2589
4135
2553
4931
4760
2566
3653
3386
3698
3035
3448
3592
4935
5283
3905
4053
9071
5672
3169
3906
4977
3631
3430
3867
2938
5159
6493
7393
2508
2659
5684
2902
6782
4099
4192
4273
4255
3126
3214
7247
10115
3491
3381
4937
7049
3057
5174
6574
3315
5206
11118
4456
2632
3538
6807
3992
4137
6034
4025
5552
4110
3658
5747
4089
3917
4250
2863
5224
2520
3888
8494
3515
9231
3531
6913
4568
6088
7095
16018
2526
2956
4998
3247
3678
2508
13381
7937
4546
5381
8961
4668
4574
4023
4386
4081
3120
2525
3798
6622
3295
6455
3894
15890
5684
8406
2512
4442
5222
4549
2885
6125
3798
3499
2854
3108
3874
4105
2529
8220
3544
4796
5397
3003
2673
3861
6810
12021
6726
2622
2845
3269
5417
9481
3943
4124
2610
2767
4808
5351
3479
3479
4095
4710
13696
4078
6950
2763
8080
2899
11843
2744
3595
19768
5756
3822
3391
2996
6566
10150
12600
5831
5229
3013
16774
2655
2584
5589
2788
2670
2585
9512
2639
4813
4445
2557
3446
2654
2674
11137
2995
7231
6022
9320
3572
2947
3414
6372
7309
4455
2601
10691
2787
5066
2910
8467
3976
3575
3296
2614
9900
7656
5696
12213
4156
3980
2809
2750
7231
2825
6449
3823
2630
3041
17173
3028
4887
5172
2732
5940
3838
9820
6707
4859
2691
4142
3282
7563
2671
5802
3865
3383
2754
3296
2632
2798
6026
4577
2660
5796
3094
3145
5100
4919
8593
3243
3350
2581
2525
4425
3703
6113
7776
2849
10028
3545
3828
27597
2528
4414
2945
2867
9021
3800
7355
3284
2655
8040
4896
2932
4534
3377
6730
4191
4545
5656
2563
6906
3733
5399
2501
6210
5339
2765
3563
24878
2681
3599
8905
9216
4927
5611
2937
4990
2867
3680
3218
4315
9366
13736
6501
2585
8283
6815
2769
2559
3103
7907
8299
3115
2777
13148
3717
2549
6410
2587
4915
2611
9374
5929
18629
6948
2604
4558
4659
6659
2504
2847
2871
2856
4344
11173
15886
5652
9406
2641
